rows <- 1:100
rows
column <- 1:100
column
a <- 1:5
b <- 6:10
a+b
a
b