a <- 29
b <- 5
a+b